Comembo ES (M):[27, 43, 56, 60, 78, 129, 143, 157, 176, 212, 219, 274, 433, 450, 476, 519, 547, 566, 602, 614, 667, 689, 699]
Nueva Ecija Girls' Home (P):[71, 85, 87, 92, 94, 119, 200, 202, 207, 263, 312, 375, 390, 477, 479, 482, 565, 579, 620, 627, 635, 702, 729, 780]
Young Focus:Love2Learn (M):[4, 5, 9, 46, 128, 184, 190, 192, 203, 215, 234, 248, 267, 311, 342, 347, 387, 394, 473, 481, 496, 500, 515, 564, 593, 598, 645, 700, 701, 715, 750, 774]
Bahay Tuluyan Laguna (P):[8, 23, 93, 97, 98, 136, 245, 258, 260, 290, 354, 370, 371, 391, 413, 443, 485, 503, 542, 581, 624, 636, 642, 661, 719, 761]
Philippine Inst. for the Deaf PID (M):[21, 77, 106, 153, 169, 173, 194, 255, 304, 323, 344, 380, 383, 384, 402, 432, 467, 499, 508, 518, 543, 563, 584, 600, 619, 622, 638, 651, 668, 734, 769]
Project Pearl Bulacan (P):[1, 18, 73, 124, 142, 164, 236, 270, 301, 309, 378, 386, 407, 424, 445, 463, 514, 540, 560, 626, 653, 696, 704, 767, 768]
Mad Travel Subic (P):[29, 51, 70, 79, 100, 138, 148, 230, 251, 271, 361, 364, 367, 417, 441, 444, 509, 528, 603, 625, 628, 649, 739, 757]
RED 2 (Renovate to Educate) (M):[63, 75, 123, 130, 154, 174, 247, 250, 256, 321, 373, 379, 436, 541, 544, 577, 582, 670, 748, 754, 755, 778]
Hospicio de San Jose: Welfare Institution (M):[20, 37, 47, 170, 182, 225, 259, 281, 285, 348, 374, 385, 410, 437, 483, 504, 548, 574, 595, 640, 650, 675, 736, 752]
SBP (M):[2, 30, 69, 80, 156, 189, 334, 350, 357, 376, 377, 388, 412, 470, 484, 510, 533, 546, 592, 607, 685, 698, 735, 762]
Kids International (M):[33, 35, 66, 114, 151, 224, 237, 239, 242, 265, 332, 398, 416, 420, 423, 447, 629, 643, 679, 705, 722, 732]
SPECS Tramo (M):[17, 40, 96, 111, 116, 122, 126, 134, 221, 243, 278, 319, 330, 369, 438, 486, 501, 516, 554, 720, 740, 744, 746, 765]
Tarlac Farming Community (P):[6, 58, 102, 108, 150, 186, 233, 273, 288, 305, 310, 448, 451, 471, 492, 498, 532, 695, 703, 708, 712, 727, 738, 749]
Papaya Academy HS students (M):[32, 54, 57, 104, 180, 183, 197, 211, 241, 287, 294, 318, 395, 399, 422, 494, 537, 573, 587, 631, 641, 677, 709, 713]
Project Best at Buting ES (M):[68, 107, 115, 118, 133, 158, 178, 218, 228, 249, 314, 325, 360, 408, 435, 446, 462, 466, 545, 590, 608, 618, 630, 671, 683]
Baguio Bethesda School (P):[11, 44, 49, 67, 175, 179, 187, 222, 282, 306, 341, 382, 393, 401, 426, 429, 457, 493, 569, 601, 617, 648, 662, 669, 728, 779]
Stepping Stones (M):[16, 42, 109, 155, 168, 193, 204, 244, 246, 262, 307, 322, 406, 411, 434, 487, 489, 538, 594, 652, 697, 716, 731, 764]
GK Muntinlupa (M):[22, 86, 99, 226, 275, 277, 320, 346, 366, 381, 452, 456, 490, 495, 572, 616, 656, 710, 756, 771]
Botolan Aeta Farming Community (P):[65, 84, 88, 144, 147, 160, 268, 284, 300, 303, 326, 351, 356, 368, 425, 474, 505, 550, 556, 657, 687, 690, 711, 714, 733, 741]
Special Olympics w/ADB (M):[19, 81, 127, 140, 163, 185, 206, 232, 253, 261, 276, 343, 400, 409, 469, 497, 530, 568, 665, 666, 672, 682, 725, 770]
CJ Learning Rizal (P):[10, 34, 161, 172, 177, 216, 240, 295, 333, 353, 404, 414, 491, 512, 524, 551, 557, 570, 596, 647, 742, 743, 751, 758]
RED 1 (Renovate to Educate) (M):[39, 95, 105, 149, 167, 188, 209, 220, 280, 286, 335, 340, 355, 415, 421, 427, 440, 526, 539, 559, 576, 610, 663, 664, 676, 678, 684, 723, 745]
Banawe School and Rice Terraces (P):[38, 41, 48, 82, 121, 146, 195, 238, 272, 317, 339, 349, 392, 431, 460, 465, 472, 553, 589, 659, 706, 707, 737, 773]
Papaya Academy ES Students (M):[3, 62, 76, 103, 165, 235, 264, 291, 293, 337, 389, 439, 475, 511, 517, 585, 654, 726, 759, 763, 772, 776]
SPECS Pasay (M):[7, 24, 83, 89, 110, 113, 196, 299, 327, 336, 345, 362, 397, 419, 453, 461, 507, 513, 646, 660, 680, 694, 717, 775]
Estancia Elementary School Panay (P):[31, 61, 90, 162, 199, 227, 289, 308, 478, 552, 575, 578, 586, 637, 655, 693]
Stairway Foundation (P):[25, 52, 53, 74, 91, 171, 208, 269, 279, 316, 359, 363, 428, 442, 459, 506, 558, 561, 580, 583, 597, 613, 623, 633, 691, 730]
Eco Stairway (P):[12, 26, 45, 72, 101, 112, 117, 198, 214, 296, 297, 315, 329, 365, 396, 430, 449, 468, 520, 523, 567, 588, 604, 605, 606, 639, 658, 686]
rED Baguio (P):[13, 14, 28, 120, 131, 254, 292, 302, 313, 372, 418, 480, 521, 534, 562, 591, 632, 644, 674, 724]
ICARE A.L.O.T (P):[50, 64, 137, 145, 152, 191, 210, 257, 266, 324, 331, 338, 454, 502, 527, 529, 536, 555, 612, 681, 721, 753, 760, 777]
Bataan Sea Turtles (P):[36, 55, 59, 135, 159, 181, 201, 205, 229, 298, 328, 358, 403, 464, 488, 525, 535, 571, 599, 615, 634, 688, 718, 747, 766]
La Union (P):[15, 125, 132, 139, 141, 166, 213, 217, 223, 231, 252, 283, 352, 405, 455, 458, 522, 531, 549, 609, 611, 621, 673, 692]
